BONDS
1 2
1 3
4 5
4 6
7 8
7 9
10 11
10 12
13 14
13 15
16 17
16 18
19 20
19 21
22 23
22 24
25 26
25 27
28 29
28 30
31 32
31 33
34 35
34 36
37 38
37 39
40 41
40 42
43 44
43 45
46 47
46 48
49 50
49 51
52 53
52 54
55 56
55 57
58 59
58 60
61 62
61 63
64 65
64 66
67 68
67 69
70 71
70 72
73 74
73 75
76 77
76 78
79 80
79 81
82 83
82 84
85 86
85 87
88 89
88 90
91 92
91 93
94 95
94 96
97 98
97 99
100 101
100 102
103 104
103 105
106 107
106 108
109 110
109 111
112 113
112 114
115 116
115 117
118 119
118 120
121 122
121 123
124 125
124 126
127 128
127 129
130 131
130 132
133 134
133 135
136 137
136 138
139 140
139 141
142 143
142 144
145 146
145 147
148 149
148 150
151 152
151 153
154 155
154 156
157 158
157 159
160 161
160 162
163 164
163 165
166 167
166 168
169 170
169 171
172 173
172 174
175 176
175 177
178 179
178 180
181 182
181 183
184 185
184 186
187 188
187 189
190 191
190 192
193 194
193 195
196 197
196 198
199 200
199 201
202 203
202 204
205 206
205 207
208 209
208 210
211 212
211 213
214 215
214 216
217 218
217 219
220 221
220 222
223 224
223 225
226 227
226 228
229 230
229 231
232 233
232 234
235 236
235 237
238 239
238 240
241 242
241 243
244 245
244 246
247 248
247 249
250 251
250 252
253 254
253 255
256 257
256 258
259 260
259 261
262 263
262 264
265 266
265 267
268 269
268 270
271 272
271 273
274 275
274 276
277 278
277 279
280 281
280 282
283 284
283 285
286 287
286 288
289 290
289 291
292 293
292 294
295 296
295 297
298 299
298 300
301 302
301 303
304 305
304 306
307 308
307 309
310 311
310 312
313 314
313 315
316 317
316 318
319 320
319 321
322 323
322 324
325 326
325 327
328 329
328 330
331 332
331 333
334 335
334 336
337 338
337 339
340 341
340 342
343 344
343 345
346 347
346 348
349 350
349 351
352 353
352 354
355 356
355 357
358 359
358 360
361 362
361 363
364 365
364 366
367 368
367 369
370 371
370 372
373 374
373 375
376 377
376 378
379 380
379 381
382 383
382 384
385 386
385 387
388 389
388 390
391 392
391 393
394 395
394 396
397 398
397 399
400 401
400 402
403 404
403 405
406 407
406 408
409 410
409 411
412 413
412 414
415 416
415 417
418 419
418 420
421 422
421 423
424 425
424 426
427 428
427 429
430 431
430 432
433 434
433 435
436 437
436 438
439 440
439 441
442 443
442 444
445 446
445 447
448 449
448 450
451 452
451 453
454 455
454 456
457 458
457 459
460 461
460 462
463 464
463 465
466 467
466 468
469 470
469 471
472 473
472 474
475 476
475 477
478 479
478 480
481 482
481 483
484 485
484 486
487 488
487 489
490 491
490 492
493 494
493 495
496 497
496 498
499 500
499 501
502 503
502 504
505 506
505 507
508 509
508 510
511 512
511 513
514 515
514 516
517 518
517 519
520 521
520 522
523 524
523 525
526 527
526 528
529 530
529 531
532 533
532 534
535 536
535 537
538 539
538 540
541 542
541 543
544 545
544 546
547 548
547 549
550 551
550 552
553 554
553 555
556 557
556 558
559 560
559 561
562 563
562 564
565 566
565 567
568 569
568 570
571 572
571 573
574 575
574 576
577 578
577 579
580 581
580 582
583 584
583 585
586 587
586 588
589 590
589 591
592 593
592 594
595 596
595 597
598 599
598 600
601 602
601 603
604 605
604 606
607 608
607 609
610 611
610 612
613 614
613 615
616 617
616 618
619 620
619 621
622 623
622 624
625 626
625 627
628 629
628 630
631 632
631 633
634 635
634 636
637 638
637 639
640 641
640 642
643 644
643 645
646 647
646 648


ANGLES
2 1 3
5 4 6
8 7 9
11 10 12
14 13 15
17 16 18
20 19 21
23 22 24
26 25 27
29 28 30
32 31 33
35 34 36
38 37 39
41 40 42
44 43 45
47 46 48
50 49 51
53 52 54
56 55 57
59 58 60
62 61 63
65 64 66
68 67 69
71 70 72
74 73 75
77 76 78
80 79 81
83 82 84
86 85 87
89 88 90
92 91 93
95 94 96
98 97 99
101 100 102
104 103 105
107 106 108
110 109 111
113 112 114
116 115 117
119 118 120
122 121 123
125 124 126
128 127 129
131 130 132
134 133 135
137 136 138
140 139 141
143 142 144
146 145 147
149 148 150
152 151 153
155 154 156
158 157 159
161 160 162
164 163 165
167 166 168
170 169 171
173 172 174
176 175 177
179 178 180
182 181 183
185 184 186
188 187 189
191 190 192
194 193 195
197 196 198
200 199 201
203 202 204
206 205 207
209 208 210
212 211 213
215 214 216
218 217 219
221 220 222
224 223 225
227 226 228
230 229 231
233 232 234
236 235 237
239 238 240
242 241 243
245 244 246
248 247 249
251 250 252
254 253 255
257 256 258
260 259 261
263 262 264
266 265 267
269 268 270
272 271 273
275 274 276
278 277 279
281 280 282
284 283 285
287 286 288
290 289 291
293 292 294
296 295 297
299 298 300
302 301 303
305 304 306
308 307 309
311 310 312
314 313 315
317 316 318
320 319 321
323 322 324
326 325 327
329 328 330
332 331 333
335 334 336
338 337 339
341 340 342
344 343 345
347 346 348
350 349 351
353 352 354
356 355 357
359 358 360
362 361 363
365 364 366
368 367 369
371 370 372
374 373 375
377 376 378
380 379 381
383 382 384
386 385 387
389 388 390
392 391 393
395 394 396
398 397 399
401 400 402
404 403 405
407 406 408
410 409 411
413 412 414
416 415 417
419 418 420
422 421 423
425 424 426
428 427 429
431 430 432
434 433 435
437 436 438
440 439 441
443 442 444
446 445 447
449 448 450
452 451 453
455 454 456
458 457 459
461 460 462
464 463 465
467 466 468
470 469 471
473 472 474
476 475 477
479 478 480
482 481 483
485 484 486
488 487 489
491 490 492
494 493 495
497 496 498
500 499 501
503 502 504
506 505 507
509 508 510
512 511 513
515 514 516
518 517 519
521 520 522
524 523 525
527 526 528
530 529 531
533 532 534
536 535 537
539 538 540
542 541 543
545 544 546
548 547 549
551 550 552
554 553 555
557 556 558
560 559 561
563 562 564
566 565 567
569 568 570
572 571 573
575 574 576
578 577 579
581 580 582
584 583 585
587 586 588
590 589 591
593 592 594
596 595 597
599 598 600
602 601 603
605 604 606
608 607 609
611 610 612
614 613 615
617 616 618
620 619 621
623 622 624
626 625 627
629 628 630
632 631 633
635 634 636
638 637 639
641 640 642
644 643 645
647 646 648

MASS
O 16.0
H1 1.008
H2 1.008

##########
# BONDED #
##########
#Type        strength        Equilibrium length
HARMONIC
O-H1        443160          0.10120
O-H2        443160          0.10120

ANGULAR_HARMONIC
H1-O-H2     317.57          1.976

##############
# NON-BONDED #
##############
#             sigma              epsilon
LJ
O             0.3165492          0.650299
H1            0.000000           0.00000
H2            0.000000           0.00000

CHARGE
O -0.82
H1 0.41
H2 0.41

RADIUS
O 1.0
H1 1.0
H2 1.0

# END OF FILE